"Predation (Mpred), Starvation (Mstarv), Additional mortality (Madd), Fishing (F) & Out-of-domain (Z) mortality rates per time step of saving and per size class. Z is the total mortality for migratory fish outside the simulation grid. To get annual mortality rates, sum the mortality rates within one year."
"Time","Age","Mpred","Mstar","Mnat","F","Z","Mfor","Dis","Age"
1.0,0.0,6.855524,1.5267702E-5,0.013049725,0.09234272,0.0,0.0,9.327547E-4,0.0
1.0,2.0,9.258163,1.3792267E-4,9.788686E-5,0.2502197,0.0,0.0,0.0025274719,0.0
1.0,4.0,6.3488946,9.3171414E-4,9.609305E-5,0.23873197,0.0,0.0,0.002411434,0.0
1.0,6.0,5.745804,4.002694E-4,1.0138139E-4,0.2580783,0.0,0.0,0.0026068515,0.0
1.0,8.0,5.625497,4.2953526E-4,9.952903E-5,0.24794257,0.0,0.0,0.0025044703,0.0
1.0,10.0,4.816347,3.965447E-4,9.8745E-5,0.2439453,0.0,0.0,0.002464094,0.0
1.0,12.0,4.579044,2.755856E-4,9.9481724E-5,0.23906995,0.0,0.0,0.002414848,0.0
1.0,14.0,6.1243224,9.481326E-4,1.0811782E-4,0.27208957,0.0,0.0,0.0027483795,0.8998017
1.0,16.0,0.0,0.0,0.0,0.0,0.0,0.0,0.0,0.0
1.0,18.0,0.0,0.0,0.0,0.0,0.0,0.0,0.0,0.0
1.0,20.0,0.0,0.0,0.0,0.0,0.0,0.0,0.0,0.0
1.0,22.0,0.0,0.0,0.0,0.0,0.0,0.0,0.0,0.0
1.0,24.0,0.0,0.0,0.0,0.0,0.0,0.0,0.0,0.0
1.0,26.0,0.0,0.0,0.0,0.0,0.0,0.0,0.0,0.0
1.0,28.0,0.0,0.0,0.0,0.0,0.0,0.0,0.0,0.0
1.0,30.0,0.0,0.0,0.0,0.0,0.0,0.0,0.0,0.0
1.0,32.0,0.0,0.0,0.0,0.0,0.0,0.0,0.0,0.0
1.0,34.0,0.0,0.0,0.0,0.0,0.0,0.0,0.0,0.0
1.0,36.0,0.0,0.0,0.0,0.0,0.0,0.0,0.0,0.0
1.0,38.0,0.0,0.0,0.0,0.0,0.0,0.0,0.0,0.0
1.0,40.0,0.0,0.0,0.0,0.0,0.0,0.0,0.0,0.0
2.0,0.0,3.7627125,0.04266576,0.013506688,0.0028080752,0.0,0.0,2.8364395E-5,0.0
2.0,2.0,11.977962,0.005565958,4.849386E-5,0.12759808,0.0,0.0,0.0012888695,0.0
2.0,4.0,5.9691067,0.0,3.2275242E-5,0.08143382,0.0,0.0,8.2256383E-4,0.0
2.0,6.0,7.771281,0.0,5.3840336E-5,0.14140156,0.0,0.0,0.0014282987,0.0
2.0,8.0,6.8832865,0.0,7.7997465E-5,0.2032329,0.0,0.0,0.0020528575,0.0
2.0,10.0,5.248067,0.0,7.369852E-5,0.19183256,0.0,0.0,0.0019377026,0.0
2.0,12.0,9.108965,7.092291E-4,8.345338E-5,0.16374351,0.0,0.0,0.0016539748,0.0
2.0,14.0,7.4842825,0.0,1.6702066E-5,0.043259013,0.0,0.0,4.3695973E-4,0.0
2.0,16.0,0.0,0.0,0.0,0.0,0.0,0.0,0.0,0.0
2.0,18.0,0.0,0.0,0.0,0.0,0.0,0.0,0.0,0.0
2.0,20.0,0.0,0.0,0.0,0.0,0.0,0.0,0.0,0.0
2.0,22.0,0.0,0.0,0.0,0.0,0.0,0.0,0.0,0.0
2.0,24.0,0.0,0.0,0.0,0.0,0.0,0.0,0.0,0.0
2.0,26.0,0.0,0.0,0.0,0.0,0.0,0.0,0.0,0.0
2.0,28.0,0.0,0.0,0.0,0.0,0.0,0.0,0.0,0.0
2.0,30.0,0.0,0.0,0.0,0.0,0.0,0.0,0.0,0.0
2.0,32.0,0.0,0.0,0.0,0.0,0.0,0.0,0.0,0.0
2.0,34.0,0.0,0.0,0.0,0.0,0.0,0.0,0.0,0.0
2.0,36.0,0.0,0.0,0.0,0.0,0.0,0.0,0.0,0.0
2.0,38.0,0.0,0.0,0.0,0.0,0.0,0.0,0.0,0.0
2.0,40.0,0.0,0.0,0.0,0.0,0.0,0.0,0.0,0.0
3.0,0.0,4.0499506,0.053330377,0.013654286,7.666807E-4,0.0,0.0,7.744249E-6,0.0
3.0,2.0,0.8439952,0.07721979,1.1583995E-4,0.14093226,0.0,0.0,0.0014235582,0.0
3.0,4.0,0.0,0.0,0.0,0.0,0.0,0.0,0.0,0.0
3.0,6.0,0.0,0.0,0.0,0.0,0.0,0.0,0.0,0.0
3.0,8.0,0.0,0.0,0.0,0.0,0.0,0.0,0.0,0.0
3.0,10.0,0.0,0.0,0.0,0.0,0.0,0.0,0.0,0.0
3.0,12.0,0.0,0.0,0.0,0.0,0.0,0.0,0.0,0.0
3.0,14.0,0.0,0.0,0.0,0.0,0.0,0.0,0.0,0.0
3.0,16.0,0.0,0.0,0.0,0.0,0.0,0.0,0.0,0.0
3.0,18.0,0.0,0.0,0.0,0.0,0.0,0.0,0.0,0.0
3.0,20.0,0.0,0.0,0.0,0.0,0.0,0.0,0.0,0.0
3.0,22.0,0.0,0.0,0.0,0.0,0.0,0.0,0.0,0.0
3.0,24.0,0.0,0.0,0.0,0.0,0.0,0.0,0.0,0.0
3.0,26.0,0.0,0.0,0.0,0.0,0.0,0.0,0.0,0.0
3.0,28.0,0.0,0.0,0.0,0.0,0.0,0.0,0.0,0.0
3.0,30.0,0.0,0.0,0.0,0.0,0.0,0.0,0.0,0.0
3.0,32.0,0.0,0.0,0.0,0.0,0.0,0.0,0.0,0.0
3.0,34.0,0.0,0.0,0.0,0.0,0.0,0.0,0.0,0.0
3.0,36.0,0.0,0.0,0.0,0.0,0.0,0.0,0.0,0.0
3.0,38.0,0.0,0.0,0.0,0.0,0.0,0.0,0.0,0.0
3.0,40.0,0.0,0.0,0.0,0.0,0.0,0.0,0.0,0.0
4.0,0.0,3.39758,0.05933581,0.011745218,2.162402E-4,0.0,0.0,2.1842443E-6,0.0
4.0,2.0,1.5493243,0.114035144,1.4111915E-4,0.029986495,0.0,0.0,3.028939E-4,0.0
4.0,4.0,0.0,0.0,0.0,0.0,0.0,0.0,0.0,0.0
4.0,6.0,0.0,0.0,0.0,0.0,0.0,0.0,0.0,0.0
4.0,8.0,0.0,0.0,0.0,0.0,0.0,0.0,0.0,0.0
4.0,10.0,0.0,0.0,0.0,0.0,0.0,0.0,0.0,0.0
4.0,12.0,0.0,0.0,0.0,0.0,0.0,0.0,0.0,0.0
4.0,14.0,0.0,0.0,0.0,0.0,0.0,0.0,0.0,0.0
4.0,16.0,0.0,0.0,0.0,0.0,0.0,0.0,0.0,0.0
4.0,18.0,0.0,0.0,0.0,0.0,0.0,0.0,0.0,0.0
4.0,20.0,0.0,0.0,0.0,0.0,0.0,0.0,0.0,0.0
4.0,22.0,0.0,0.0,0.0,0.0,0.0,0.0,0.0,0.0
4.0,24.0,0.0,0.0,0.0,0.0,0.0,0.0,0.0,0.0
4.0,26.0,0.0,0.0,0.0,0.0,0.0,0.0,0.0,0.0
4.0,28.0,0.0,0.0,0.0,0.0,0.0,0.0,0.0,0.0
4.0,30.0,0.0,0.0,0.0,0.0,0.0,0.0,0.0,0.0
4.0,32.0,0.0,0.0,0.0,0.0,0.0,0.0,0.0,0.0
4.0,34.0,0.0,0.0,0.0,0.0,0.0,0.0,0.0,0.0
4.0,36.0,0.0,0.0,0.0,0.0,0.0,0.0,0.0,0.0
4.0,38.0,0.0,0.0,0.0,0.0,0.0,0.0,0.0,0.0
4.0,40.0,0.0,0.0,0.0,0.0,0.0,0.0,0.0,0.0
5.0,0.0,3.5631351,0.07175151,0.010892041,9.806116E-5,0.0,0.0,9.905167E-7,0.0
5.0,2.0,1.8540565,0.08194063,1.0334907E-4,0.0050067673,0.0,0.0,5.0573406E-5,0.0
5.0,4.0,0.25875413,0.01201777,1.2592218E-5,0.0029751246,0.0,0.0,3.0051764E-5,0.0
5.0,6.0,0.0,0.0,0.0,0.0,0.0,0.0,0.0,0.0
5.0,8.0,0.0,0.0,0.0,0.0,0.0,0.0,0.0,0.0
5.0,10.0,0.0,0.0,0.0,0.0,0.0,0.0,0.0,0.0
5.0,12.0,0.0,0.0,0.0,0.0,0.0,0.0,0.0,0.0
5.0,14.0,0.0,0.0,0.0,0.0,0.0,0.0,0.0,0.0
5.0,16.0,0.0,0.0,0.0,0.0,0.0,0.0,0.0,0.0
5.0,18.0,0.0,0.0,0.0,0.0,0.0,0.0,0.0,0.0
5.0,20.0,0.0,0.0,0.0,0.0,0.0,0.0,0.0,0.0
5.0,22.0,0.0,0.0,0.0,0.0,0.0,0.0,0.0,0.0
5.0,24.0,0.0,0.0,0.0,0.0,0.0,0.0,0.0,0.0
5.0,26.0,0.0,0.0,0.0,0.0,0.0,0.0,0.0,0.0
5.0,28.0,0.0,0.0,0.0,0.0,0.0,0.0,0.0,0.0
5.0,30.0,0.0,0.0,0.0,0.0,0.0,0.0,0.0,0.0
5.0,32.0,0.0,0.0,0.0,0.0,0.0,0.0,0.0,0.0
5.0,34.0,0.0,0.0,0.0,0.0,0.0,0.0,0.0,0.0
5.0,36.0,0.0,0.0,0.0,0.0,0.0,0.0,0.0,0.0
5.0,38.0,0.0,0.0,0.0,0.0,0.0,0.0,0.0,0.0
5.0,40.0,0.0,0.0,0.0,0.0,0.0,0.0,0.0,0.0
6.0,0.0,4.203413,0.06546026,0.012929423,1.7454408E-4,0.0,0.0,1.7630715E-6,0.0
6.0,2.0,1.4994733,0.079305604,1.1202567E-4,0.002169206,0.0,0.0,2.1911172E-5,0.0
6.0,4.0,17.222845,0.03642407,9.615074E-5,0.044299155,0.0,0.0,4.474662E-4,0.0
6.0,6.0,0.0,0.0,0.0,0.0,0.0,0.0,0.0,0.0
6.0,8.0,0.0,0.0,0.0,0.0,0.0,0.0,0.0,0.0
6.0,10.0,0.0,0.0,0.0,0.0,0.0,0.0,0.0,0.0
6.0,12.0,0.0,0.0,0.0,0.0,0.0,0.0,0.0,0.0
6.0,14.0,0.0,0.0,0.0,0.0,0.0,0.0,0.0,0.0
6.0,16.0,0.0,0.0,0.0,0.0,0.0,0.0,0.0,0.0
6.0,18.0,0.0,0.0,0.0,0.0,0.0,0.0,0.0,0.0
6.0,20.0,0.0,0.0,0.0,0.0,0.0,0.0,0.0,0.0
6.0,22.0,0.0,0.0,0.0,0.0,0.0,0.0,0.0,0.0
6.0,24.0,0.0,0.0,0.0,0.0,0.0,0.0,0.0,0.0
6.0,26.0,0.0,0.0,0.0,0.0,0.0,0.0,0.0,0.0
6.0,28.0,0.0,0.0,0.0,0.0,0.0,0.0,0.0,0.0
6.0,30.0,0.0,0.0,0.0,0.0,0.0,0.0,0.0,0.0
6.0,32.0,0.0,0.0,0.0,0.0,0.0,0.0,0.0,0.0
6.0,34.0,0.0,0.0,0.0,0.0,0.0,0.0,0.0,0.0
6.0,36.0,0.0,0.0,0.0,0.0,0.0,0.0,0.0,0.0
6.0,38.0,0.0,0.0,0.0,0.0,0.0,0.0,0.0,0.0
6.0,40.0,0.0,0.0,0.0,0.0,0.0,0.0,0.0,0.0
7.0,0.0,4.343708,0.056099262,0.013561531,4.2967522E-4,0.0,0.0,4.3401537E-6,0.0
7.0,2.0,1.5930749,0.053769283,1.0077965E-4,0.0019846996,0.0,0.0,2.0047471E-5,0.0
7.0,4.0,2.325001,0.020734092,1.2290718E-4,0.0025006784,0.0,0.0,2.5259378E-5,0.0
7.0,6.0,0.0,0.0,0.0,0.0,0.0,0.0,0.0,0.0
7.0,8.0,0.0,0.0,0.0,0.0,0.0,0.0,0.0,0.0
7.0,10.0,0.0,0.0,0.0,0.0,0.0,0.0,0.0,0.0
7.0,12.0,0.0,0.0,0.0,0.0,0.0,0.0,0.0,0.0
7.0,14.0,0.0,0.0,0.0,0.0,0.0,0.0,0.0,0.0
7.0,16.0,0.0,0.0,0.0,0.0,0.0,0.0,0.0,0.0
7.0,18.0,0.0,0.0,0.0,0.0,0.0,0.0,0.0,0.0
7.0,20.0,0.0,0.0,0.0,0.0,0.0,0.0,0.0,0.0
7.0,22.0,0.0,0.0,0.0,0.0,0.0,0.0,0.0,0.0
7.0,24.0,0.0,0.0,0.0,0.0,0.0,0.0,0.0,0.0
7.0,26.0,0.0,0.0,0.0,0.0,0.0,0.0,0.0,0.0
7.0,28.0,0.0,0.0,0.0,0.0,0.0,0.0,0.0,0.0
7.0,30.0,0.0,0.0,0.0,0.0,0.0,0.0,0.0,0.0
7.0,32.0,0.0,0.0,0.0,0.0,0.0,0.0,0.0,0.0
7.0,34.0,0.0,0.0,0.0,0.0,0.0,0.0,0.0,0.0
7.0,36.0,0.0,0.0,0.0,0.0,0.0,0.0,0.0,0.0
7.0,38.0,0.0,0.0,0.0,0.0,0.0,0.0,0.0,0.0
7.0,40.0,0.0,0.0,0.0,0.0,0.0,0.0,0.0,0.0
8.0,0.0,5.105496,0.060448613,0.015289319,3.8763008E-4,0.0,0.0,3.915455E-6,0.0
8.0,2.0,1.91206,0.06336564,1.091211E-4,0.007135767,0.0,0.0,7.207845E-5,0.0
8.0,4.0,4.965269,0.018988693,9.725875E-5,0.0010194402,0.0,0.0,1.0297376E-5,0.0
8.0,6.0,9.195177,0.005855439,8.431021E-6,0.0,0.0,0.0,0.0,0.0
8.0,8.0,0.0,0.0,0.0,0.0,0.0,0.0,0.0,0.0
8.0,10.0,0.0,0.0,0.0,0.0,0.0,0.0,0.0,0.0
8.0,12.0,0.0,0.0,0.0,0.0,0.0,0.0,0.0,0.0
8.0,14.0,0.0,0.0,0.0,0.0,0.0,0.0,0.0,0.0
8.0,16.0,0.0,0.0,0.0,0.0,0.0,0.0,0.0,0.0
8.0,18.0,0.0,0.0,0.0,0.0,0.0,0.0,0.0,0.0
8.0,20.0,0.0,0.0,0.0,0.0,0.0,0.0,0.0,0.0
8.0,22.0,0.0,0.0,0.0,0.0,0.0,0.0,0.0,0.0
8.0,24.0,0.0,0.0,0.0,0.0,0.0,0.0,0.0,0.0
8.0,26.0,0.0,0.0,0.0,0.0,0.0,0.0,0.0,0.0
8.0,28.0,0.0,0.0,0.0,0.0,0.0,0.0,0.0,0.0
8.0,30.0,0.0,0.0,0.0,0.0,0.0,0.0,0.0,0.0
8.0,32.0,0.0,0.0,0.0,0.0,0.0,0.0,0.0,0.0
8.0,34.0,0.0,0.0,0.0,0.0,0.0,0.0,0.0,0.0
8.0,36.0,0.0,0.0,0.0,0.0,0.0,0.0,0.0,0.0
8.0,38.0,0.0,0.0,0.0,0.0,0.0,0.0,0.0,0.0
8.0,40.0,0.0,0.0,0.0,0.0,0.0,0.0,0.0,0.0
9.0,0.0,4.6051173,0.049169417,0.01351752,6.5407366E-4,0.0,0.0,6.6068046E-6,0.0
9.0,2.0,2.1312995,0.07488249,1.0918882E-4,0.014599806,0.0,0.0,1.4747279E-4,0.0
9.0,4.0,4.4455776,0.056112528,1.0413203E-4,2.9140222E-4,0.0,0.0,2.9434568E-6,0.0
9.0,6.0,0.0,0.0,0.0,0.0,0.0,0.0,0.0,0.0
9.0,8.0,0.0,0.0,0.0,0.0,0.0,0.0,0.0,0.0
9.0,10.0,0.0,0.0,0.0,0.0,0.0,0.0,0.0,0.0
9.0,12.0,0.0,0.0,0.0,0.0,0.0,0.0,0.0,0.0
9.0,14.0,0.0,0.0,0.0,0.0,0.0,0.0,0.0,0.0
9.0,16.0,0.0,0.0,0.0,0.0,0.0,0.0,0.0,0.0
9.0,18.0,0.0,0.0,0.0,0.0,0.0,0.0,0.0,0.0
9.0,20.0,0.0,0.0,0.0,0.0,0.0,0.0,0.0,0.0
9.0,22.0,0.0,0.0,0.0,0.0,0.0,0.0,0.0,0.0
9.0,24.0,0.0,0.0,0.0,0.0,0.0,0.0,0.0,0.0
9.0,26.0,0.0,0.0,0.0,0.0,0.0,0.0,0.0,0.0
9.0,28.0,0.0,0.0,0.0,0.0,0.0,0.0,0.0,0.0
9.0,30.0,0.0,0.0,0.0,0.0,0.0,0.0,0.0,0.0
9.0,32.0,0.0,0.0,0.0,0.0,0.0,0.0,0.0,0.0
9.0,34.0,0.0,0.0,0.0,0.0,0.0,0.0,0.0,0.0
9.0,36.0,0.0,0.0,0.0,0.0,0.0,0.0,0.0,0.0
9.0,38.0,0.0,0.0,0.0,0.0,0.0,0.0,0.0,0.0
9.0,40.0,0.0,0.0,0.0,0.0,0.0,0.0,0.0,0.0
10.0,0.0,5.5616984,0.04765555,0.014726733,0.0011838,0.0,0.0,1.1957577E-5,0.0
10.0,2.0,3.1663008,0.07105447,1.3192046E-4,0.022626294,0.0,0.0,2.2854842E-4,0.0
10.0,4.0,27.452795,2.0356812E-4,5.2581956E-5,0.078726284,0.0,0.0,7.95215E-4,0.0
10.0,6.0,0.0,0.0,0.0,0.0,0.0,0.0,0.0,0.0
10.0,8.0,0.0,0.0,0.0,0.0,0.0,0.0,0.0,0.0
10.0,10.0,0.0,0.0,0.0,0.0,0.0,0.0,0.0,0.0
10.0,12.0,0.0,0.0,0.0,0.0,0.0,0.0,0.0,0.0
10.0,14.0,0.0,0.0,0.0,0.0,0.0,0.0,0.0,0.0
10.0,16.0,0.0,0.0,0.0,0.0,0.0,0.0,0.0,0.0
10.0,18.0,0.0,0.0,0.0,0.0,0.0,0.0,0.0,0.0
10.0,20.0,0.0,0.0,0.0,0.0,0.0,0.0,0.0,0.0
10.0,22.0,0.0,0.0,0.0,0.0,0.0,0.0,0.0,0.0
10.0,24.0,0.0,0.0,0.0,0.0,0.0,0.0,0.0,0.0
10.0,26.0,0.0,0.0,0.0,0.0,0.0,0.0,0.0,0.0
10.0,28.0,0.0,0.0,0.0,0.0,0.0,0.0,0.0,0.0
10.0,30.0,0.0,0.0,0.0,0.0,0.0,0.0,0.0,0.0
10.0,32.0,0.0,0.0,0.0,0.0,0.0,0.0,0.0,0.0
10.0,34.0,0.0,0.0,0.0,0.0,0.0,0.0,0.0,0.0
10.0,36.0,0.0,0.0,0.0,0.0,0.0,0.0,0.0,0.0
10.0,38.0,0.0,0.0,0.0,0.0,0.0,0.0,0.0,0.0
10.0,40.0,0.0,0.0,0.0,0.0,0.0,0.0,0.0,0.0
11.0,0.0,4.7678065,0.07195927,0.011909453,1.3798695E-4,0.0,0.0,1.3938076E-6,0.0
11.0,2.0,0.9651654,0.06940669,1.0195581E-4,0.0075867046,0.0,0.0,7.663338E-5,0.0
11.0,4.0,0.7375855,0.0047816876,1.6932858E-5,0.0017437382,0.0,0.0,1.7613516E-5,0.0
11.0,6.0,0.0,0.0,0.0,0.0,0.0,0.0,0.0,0.0
11.0,8.0,0.0,0.0,0.0,0.0,0.0,0.0,0.0,0.0
11.0,10.0,0.0,0.0,0.0,0.0,0.0,0.0,0.0,0.0
11.0,12.0,0.0,0.0,0.0,0.0,0.0,0.0,0.0,0.0
11.0,14.0,0.0,0.0,0.0,0.0,0.0,0.0,0.0,0.0
11.0,16.0,0.0,0.0,0.0,0.0,0.0,0.0,0.0,0.0
11.0,18.0,0.0,0.0,0.0,0.0,0.0,0.0,0.0,0.0
11.0,20.0,0.0,0.0,0.0,0.0,0.0,0.0,0.0,0.0
11.0,22.0,0.0,0.0,0.0,0.0,0.0,0.0,0.0,0.0
11.0,24.0,0.0,0.0,0.0,0.0,0.0,0.0,0.0,0.0
11.0,26.0,0.0,0.0,0.0,0.0,0.0,0.0,0.0,0.0
11.0,28.0,0.0,0.0,0.0,0.0,0.0,0.0,0.0,0.0
11.0,30.0,0.0,0.0,0.0,0.0,0.0,0.0,0.0,0.0
11.0,32.0,0.0,0.0,0.0,0.0,0.0,0.0,0.0,0.0
11.0,34.0,0.0,0.0,0.0,0.0,0.0,0.0,0.0,0.0
11.0,36.0,0.0,0.0,0.0,0.0,0.0,0.0,0.0,0.0
11.0,38.0,0.0,0.0,0.0,0.0,0.0,0.0,0.0,0.0
11.0,40.0,0.0,0.0,0.0,0.0,0.0,0.0,0.0,0.0
12.0,0.0,5.1612206,0.061711226,0.014182121,0.0018910961,0.0,0.0,1.910198E-5,0.0
12.0,2.0,1.9487951,0.1259321,1.3852744E-4,0.04193976,0.0,0.0,4.2363396E-4,0.0
12.0,4.0,14.158141,0.0,3.678237E-5,0.05003246,0.0,0.0,5.0537835E-4,0.0
12.0,6.0,0.0,0.0,0.0,0.0,0.0,0.0,0.0,0.0
12.0,8.0,0.0,0.0,0.0,0.0,0.0,0.0,0.0,0.0
12.0,10.0,0.0,0.0,0.0,0.0,0.0,0.0,0.0,0.0
12.0,12.0,0.0,0.0,0.0,0.0,0.0,0.0,0.0,0.0
12.0,14.0,0.0,0.0,0.0,0.0,0.0,0.0,0.0,0.0
12.0,16.0,0.0,0.0,0.0,0.0,0.0,0.0,0.0,0.0
12.0,18.0,0.0,0.0,0.0,0.0,0.0,0.0,0.0,0.0
12.0,20.0,0.0,0.0,0.0,0.0,0.0,0.0,0.0,0.0
12.0,22.0,0.0,0.0,0.0,0.0,0.0,0.0,0.0,0.0
12.0,24.0,0.0,0.0,0.0,0.0,0.0,0.0,0.0,0.0
12.0,26.0,0.0,0.0,0.0,0.0,0.0,0.0,0.0,0.0
12.0,28.0,0.0,0.0,0.0,0.0,0.0,0.0,0.0,0.0
12.0,30.0,0.0,0.0,0.0,0.0,0.0,0.0,0.0,0.0
12.0,32.0,0.0,0.0,0.0,0.0,0.0,0.0,0.0,0.0
12.0,34.0,0.0,0.0,0.0,0.0,0.0,0.0,0.0,0.0
12.0,36.0,0.0,0.0,0.0,0.0,0.0,0.0,0.0,0.0
12.0,38.0,0.0,0.0,0.0,0.0,0.0,0.0,0.0,0.0
12.0,40.0,0.0,0.0,0.0,0.0,0.0,0.0,0.0,0.0
13.0,0.0,6.8114796,0.055166997,0.0150902765,1.614008E-4,0.0,0.0,1.6303112E-6,0.0
13.0,2.0,1.8161522,0.062295362,9.993151E-5,0.016982513,0.0,0.0,1.7154054E-4,0.0
13.0,4.0,18.81286,0.005305413,7.993675E-5,0.20291871,0.0,0.0,0.0020496838,0.0
13.0,6.0,0.0,0.0,0.0,0.0,0.0,0.0,0.0,0.0
13.0,8.0,0.0,0.0,0.0,0.0,0.0,0.0,0.0,0.0
13.0,10.0,0.0,0.0,0.0,0.0,0.0,0.0,0.0,0.0
13.0,12.0,0.0,0.0,0.0,0.0,0.0,0.0,0.0,0.0
13.0,14.0,0.0,0.0,0.0,0.0,0.0,0.0,0.0,0.0
13.0,16.0,0.0,0.0,0.0,0.0,0.0,0.0,0.0,0.0
13.0,18.0,0.0,0.0,0.0,0.0,0.0,0.0,0.0,0.0
13.0,20.0,0.0,0.0,0.0,0.0,0.0,0.0,0.0,0.0
13.0,22.0,0.0,0.0,0.0,0.0,0.0,0.0,0.0,0.0
13.0,24.0,0.0,0.0,0.0,0.0,0.0,0.0,0.0,0.0
13.0,26.0,0.0,0.0,0.0,0.0,0.0,0.0,0.0,0.0
13.0,28.0,0.0,0.0,0.0,0.0,0.0,0.0,0.0,0.0
13.0,30.0,0.0,0.0,0.0,0.0,0.0,0.0,0.0,0.0
13.0,32.0,0.0,0.0,0.0,0.0,0.0,0.0,0.0,0.0
13.0,34.0,0.0,0.0,0.0,0.0,0.0,0.0,0.0,0.0
13.0,36.0,0.0,0.0,0.0,0.0,0.0,0.0,0.0,0.0
13.0,38.0,0.0,0.0,0.0,0.0,0.0,0.0,0.0,0.0
13.0,40.0,0.0,0.0,0.0,0.0,0.0,0.0,0.0,0.0
14.0,0.0,5.7007914,0.042279687,0.014865708,1.8998628E-4,0.0,0.0,1.9190534E-6,0.0
14.0,2.0,12.947353,0.027880907,1.2472067E-4,0.17314017,0.0,0.0,0.0017488906,0.0
14.0,4.0,11.110504,0.0,6.282453E-5,0.1409685,0.0,0.0,0.0014239242,0.0
14.0,6.0,0.0,0.0,0.0,0.0,0.0,0.0,0.0,0.0
14.0,8.0,0.0,0.0,0.0,0.0,0.0,0.0,0.0,0.0
14.0,10.0,0.0,0.0,0.0,0.0,0.0,0.0,0.0,0.0
14.0,12.0,0.0,0.0,0.0,0.0,0.0,0.0,0.0,0.0
14.0,14.0,0.0,0.0,0.0,0.0,0.0,0.0,0.0,0.0
14.0,16.0,0.0,0.0,0.0,0.0,0.0,0.0,0.0,0.0
14.0,18.0,0.0,0.0,0.0,0.0,0.0,0.0,0.0,0.0
14.0,20.0,0.0,0.0,0.0,0.0,0.0,0.0,0.0,0.0
14.0,22.0,0.0,0.0,0.0,0.0,0.0,0.0,0.0,0.0
14.0,24.0,0.0,0.0,0.0,0.0,0.0,0.0,0.0,0.0
14.0,26.0,0.0,0.0,0.0,0.0,0.0,0.0,0.0,0.0
14.0,28.0,0.0,0.0,0.0,0.0,0.0,0.0,0.0,0.0
14.0,30.0,0.0,0.0,0.0,0.0,0.0,0.0,0.0,0.0
14.0,32.0,0.0,0.0,0.0,0.0,0.0,0.0,0.0,0.0
14.0,34.0,0.0,0.0,0.0,0.0,0.0,0.0,0.0,0.0
14.0,36.0,0.0,0.0,0.0,0.0,0.0,0.0,0.0,0.0
14.0,38.0,0.0,0.0,0.0,0.0,0.0,0.0,0.0,0.0
14.0,40.0,0.0,0.0,0.0,0.0,0.0,0.0,0.0,0.0
15.0,0.0,6.446889,0.04607359,0.01454485,0.0012897777,0.0,0.0,1.3028058E-5,0.0
15.0,2.0,0.69837195,2.8987037E-4,1.3178105E-5,0.005094306,0.0,0.0,5.145764E-5,0.0
15.0,4.0,13.531375,0.003855621,6.351675E-5,0.16414262,0.0,0.0,0.0016580063,0.0
15.0,6.0,0.0,0.0,0.0,0.0,0.0,0.0,0.0,0.0
15.0,8.0,0.0,0.0,0.0,0.0,0.0,0.0,0.0,0.0
15.0,10.0,0.0,0.0,0.0,0.0,0.0,0.0,0.0,0.0
15.0,12.0,0.0,0.0,0.0,0.0,0.0,0.0,0.0,0.0
15.0,14.0,0.0,0.0,0.0,0.0,0.0,0.0,0.0,0.0
15.0,16.0,0.0,0.0,0.0,0.0,0.0,0.0,0.0,0.0
15.0,18.0,0.0,0.0,0.0,0.0,0.0,0.0,0.0,0.0
15.0,20.0,0.0,0.0,0.0,0.0,0.0,0.0,0.0,0.0
15.0,22.0,0.0,0.0,0.0,0.0,0.0,0.0,0.0,0.0
15.0,24.0,0.0,0.0,0.0,0.0,0.0,0.0,0.0,0.0
15.0,26.0,0.0,0.0,0.0,0.0,0.0,0.0,0.0,0.0
15.0,28.0,0.0,0.0,0.0,0.0,0.0,0.0,0.0,0.0
15.0,30.0,0.0,0.0,0.0,0.0,0.0,0.0,0.0,0.0
15.0,32.0,0.0,0.0,0.0,0.0,0.0,0.0,0.0,0.0
15.0,34.0,0.0,0.0,0.0,0.0,0.0,0.0,0.0,0.0
15.0,36.0,0.0,0.0,0.0,0.0,0.0,0.0,0.0,0.0
15.0,38.0,0.0,0.0,0.0,0.0,0.0,0.0,0.0,0.0
15.0,40.0,0.0,0.0,0.0,0.0,0.0,0.0,0.0,0.0
16.0,0.0,5.711206,0.030836653,0.014819535,0.011793053,0.0,0.0,1.19121745E-4,0.0
16.0,2.0,3.6406362,0.027256303,1.03108396E-4,0.104916595,0.0,0.0,0.0010597636,0.0
16.0,4.0,0.0,0.0,0.0,0.0,0.0,0.0,0.0,0.0
16.0,6.0,0.0,0.0,0.0,0.0,0.0,0.0,0.0,0.0
16.0,8.0,0.0,0.0,0.0,0.0,0.0,0.0,0.0,0.0
16.0,10.0,0.0,0.0,0.0,0.0,0.0,0.0,0.0,0.0
16.0,12.0,0.0,0.0,0.0,0.0,0.0,0.0,0.0,0.0
16.0,14.0,0.0,0.0,0.0,0.0,0.0,0.0,0.0,0.0
16.0,16.0,0.0,0.0,0.0,0.0,0.0,0.0,0.0,0.0
16.0,18.0,0.0,0.0,0.0,0.0,0.0,0.0,0.0,0.0
16.0,20.0,0.0,0.0,0.0,0.0,0.0,0.0,0.0,0.0
16.0,22.0,0.0,0.0,0.0,0.0,0.0,0.0,0.0,0.0
16.0,24.0,0.0,0.0,0.0,0.0,0.0,0.0,0.0,0.0
16.0,26.0,0.0,0.0,0.0,0.0,0.0,0.0,0.0,0.0
16.0,28.0,0.0,0.0,0.0,0.0,0.0,0.0,0.0,0.0
16.0,30.0,0.0,0.0,0.0,0.0,0.0,0.0,0.0,0.0
16.0,32.0,0.0,0.0,0.0,0.0,0.0,0.0,0.0,0.0
16.0,34.0,0.0,0.0,0.0,0.0,0.0,0.0,0.0,0.0
16.0,36.0,0.0,0.0,0.0,0.0,0.0,0.0,0.0,0.0
16.0,38.0,0.0,0.0,0.0,0.0,0.0,0.0,0.0,0.0
16.0,40.0,0.0,0.0,0.0,0.0,0.0,0.0,0.0,0.0
17.0,0.0,5.629436,0.04633802,0.014533075,7.476333E-4,0.0,0.0,7.5518515E-6,0.0
17.0,2.0,1.6541252,0.02460076,1.1895082E-4,0.2591776,0.0,0.0,0.0026179554,0.0
17.0,4.0,0.0,0.0,0.0,0.0,0.0,0.0,0.0,0.0
17.0,6.0,0.0,0.0,0.0,0.0,0.0,0.0,0.0,0.0
17.0,8.0,0.0,0.0,0.0,0.0,0.0,0.0,0.0,0.0
17.0,10.0,0.0,0.0,0.0,0.0,0.0,0.0,0.0,0.0
17.0,12.0,0.0,0.0,0.0,0.0,0.0,0.0,0.0,0.0
17.0,14.0,0.0,0.0,0.0,0.0,0.0,0.0,0.0,0.0
17.0,16.0,0.0,0.0,0.0,0.0,0.0,0.0,0.0,0.0
17.0,18.0,0.0,0.0,0.0,0.0,0.0,0.0,0.0,0.0
17.0,20.0,0.0,0.0,0.0,0.0,0.0,0.0,0.0,0.0
17.0,22.0,0.0,0.0,0.0,0.0,0.0,0.0,0.0,0.0
17.0,24.0,0.0,0.0,0.0,0.0,0.0,0.0,0.0,0.0
17.0,26.0,0.0,0.0,0.0,0.0,0.0,0.0,0.0,0.0
17.0,28.0,0.0,0.0,0.0,0.0,0.0,0.0,0.0,0.0
17.0,30.0,0.0,0.0,0.0,0.0,0.0,0.0,0.0,0.0
17.0,32.0,0.0,0.0,0.0,0.0,0.0,0.0,0.0,0.0
17.0,34.0,0.0,0.0,0.0,0.0,0.0,0.0,0.0,0.0
17.0,36.0,0.0,0.0,0.0,0.0,0.0,0.0,0.0,0.0
17.0,38.0,0.0,0.0,0.0,0.0,0.0,0.0,0.0,0.0
17.0,40.0,0.0,0.0,0.0,0.0,0.0,0.0,0.0,0.0
18.0,0.0,5.034911,0.04234015,0.012091195,1.25173965E-5,0.0,0.0,1.2643835E-7,0.0
18.0,2.0,2.763255,0.04265875,9.9887286E-5,0.1637638,0.0,0.0,0.0016541799,0.0
18.0,4.0,0.0,0.0,0.0,0.0,0.0,0.0,0.0,0.0
18.0,6.0,0.0,0.0,0.0,0.0,0.0,0.0,0.0,0.0
18.0,8.0,0.0,0.0,0.0,0.0,0.0,0.0,0.0,0.0
18.0,10.0,0.0,0.0,0.0,0.0,0.0,0.0,0.0,0.0
18.0,12.0,0.0,0.0,0.0,0.0,0.0,0.0,0.0,0.0
18.0,14.0,0.0,0.0,0.0,0.0,0.0,0.0,0.0,0.0
18.0,16.0,0.0,0.0,0.0,0.0,0.0,0.0,0.0,0.0
18.0,18.0,0.0,0.0,0.0,0.0,0.0,0.0,0.0,0.0
18.0,20.0,0.0,0.0,0.0,0.0,0.0,0.0,0.0,0.0
18.0,22.0,0.0,0.0,0.0,0.0,0.0,0.0,0.0,0.0
18.0,24.0,0.0,0.0,0.0,0.0,0.0,0.0,0.0,0.0
18.0,26.0,0.0,0.0,0.0,0.0,0.0,0.0,0.0,0.0
18.0,28.0,0.0,0.0,0.0,0.0,0.0,0.0,0.0,0.0
18.0,30.0,0.0,0.0,0.0,0.0,0.0,0.0,0.0,0.0
18.0,32.0,0.0,0.0,0.0,0.0,0.0,0.0,0.0,0.0
18.0,34.0,0.0,0.0,0.0,0.0,0.0,0.0,0.0,0.0
18.0,36.0,0.0,0.0,0.0,0.0,0.0,0.0,0.0,0.0
18.0,38.0,0.0,0.0,0.0,0.0,0.0,0.0,0.0,0.0
18.0,40.0,0.0,0.0,0.0,0.0,0.0,0.0,0.0,0.0
19.0,0.0,5.2283664,0.037561797,0.014367734,0.015560009,0.0,0.0,1.571718E-4,0.0
19.0,2.0,3.1246924,0.0832456,1.3283941E-4,0.03756343,0.0,0.0,3.7942856E-4,0.0
19.0,4.0,0.0,0.0,0.0,0.0,0.0,0.0,0.0,0.0
19.0,6.0,0.0,0.0,0.0,0.0,0.0,0.0,0.0,0.0
19.0,8.0,0.0,0.0,0.0,0.0,0.0,0.0,0.0,0.0
19.0,10.0,0.0,0.0,0.0,0.0,0.0,0.0,0.0,0.0
19.0,12.0,0.0,0.0,0.0,0.0,0.0,0.0,0.0,0.0
19.0,14.0,0.0,0.0,0.0,0.0,0.0,0.0,0.0,0.0
19.0,16.0,0.0,0.0,0.0,0.0,0.0,0.0,0.0,0.0
19.0,18.0,0.0,0.0,0.0,0.0,0.0,0.0,0.0,0.0
19.0,20.0,0.0,0.0,0.0,0.0,0.0,0.0,0.0,0.0
19.0,22.0,0.0,0.0,0.0,0.0,0.0,0.0,0.0,0.0
19.0,24.0,0.0,0.0,0.0,0.0,0.0,0.0,0.0,0.0
19.0,26.0,0.0,0.0,0.0,0.0,0.0,0.0,0.0,0.0
19.0,28.0,0.0,0.0,0.0,0.0,0.0,0.0,0.0,0.0
19.0,30.0,0.0,0.0,0.0,0.0,0.0,0.0,0.0,0.0
19.0,32.0,0.0,0.0,0.0,0.0,0.0,0.0,0.0,0.0
19.0,34.0,0.0,0.0,0.0,0.0,0.0,0.0,0.0,0.0
19.0,36.0,0.0,0.0,0.0,0.0,0.0,0.0,0.0,0.0
19.0,38.0,0.0,0.0,0.0,0.0,0.0,0.0,0.0,0.0
19.0,40.0,0.0,0.0,0.0,0.0,0.0,0.0,0.0,0.0
20.0,0.0,4.5001354,0.056506727,0.01265021,2.811239E-4,0.0,0.0,2.8396355E-6,0.0
20.0,2.0,2.5568078,0.025682619,1.1572897E-4,0.27535638,0.0,0.0,0.0027813776,0.0
20.0,4.0,0.0,0.0,0.0,0.0,0.0,0.0,0.0,0.0
20.0,6.0,0.0,0.0,0.0,0.0,0.0,0.0,0.0,0.0
20.0,8.0,0.0,0.0,0.0,0.0,0.0,0.0,0.0,0.0
20.0,10.0,0.0,0.0,0.0,0.0,0.0,0.0,0.0,0.0
20.0,12.0,0.0,0.0,0.0,0.0,0.0,0.0,0.0,0.0
20.0,14.0,0.0,0.0,0.0,0.0,0.0,0.0,0.0,0.0
20.0,16.0,0.0,0.0,0.0,0.0,0.0,0.0,0.0,0.0
20.0,18.0,0.0,0.0,0.0,0.0,0.0,0.0,0.0,0.0
20.0,20.0,0.0,0.0,0.0,0.0,0.0,0.0,0.0,0.0
20.0,22.0,0.0,0.0,0.0,0.0,0.0,0.0,0.0,0.0
20.0,24.0,0.0,0.0,0.0,0.0,0.0,0.0,0.0,0.0
20.0,26.0,0.0,0.0,0.0,0.0,0.0,0.0,0.0,0.0
20.0,28.0,0.0,0.0,0.0,0.0,0.0,0.0,0.0,0.0
20.0,30.0,0.0,0.0,0.0,0.0,0.0,0.0,0.0,0.0
20.0,32.0,0.0,0.0,0.0,0.0,0.0,0.0,0.0,0.0
20.0,34.0,0.0,0.0,0.0,0.0,0.0,0.0,0.0,0.0
20.0,36.0,0.0,0.0,0.0,0.0,0.0,0.0,0.0,0.0
20.0,38.0,0.0,0.0,0.0,0.0,0.0,0.0,0.0,0.0
20.0,40.0,0.0,0.0,0.0,0.0,0.0,0.0,0.0,0.0
21.0,0.0,6.1086574,0.04338143,0.012784609,6.9696055E-4,0.0,0.0,7.0400056E-6,0.0
21.0,2.0,16.106276,0.12043414,8.95262E-5,0.04697915,0.0,0.0,4.7453688E-4,0.0
21.0,4.0,0.0,0.0,0.0,0.0,0.0,0.0,0.0,0.0
21.0,6.0,0.0,0.0,0.0,0.0,0.0,0.0,0.0,0.0
21.0,8.0,0.0,0.0,0.0,0.0,0.0,0.0,0.0,0.0
21.0,10.0,0.0,0.0,0.0,0.0,0.0,0.0,0.0,0.0
21.0,12.0,0.0,0.0,0.0,0.0,0.0,0.0,0.0,0.0
21.0,14.0,0.0,0.0,0.0,0.0,0.0,0.0,0.0,0.0
21.0,16.0,0.0,0.0,0.0,0.0,0.0,0.0,0.0,0.0
21.0,18.0,0.0,0.0,0.0,0.0,0.0,0.0,0.0,0.0
21.0,20.0,0.0,0.0,0.0,0.0,0.0,0.0,0.0,0.0
21.0,22.0,0.0,0.0,0.0,0.0,0.0,0.0,0.0,0.0
21.0,24.0,0.0,0.0,0.0,0.0,0.0,0.0,0.0,0.0
21.0,26.0,0.0,0.0,0.0,0.0,0.0,0.0,0.0,0.0
21.0,28.0,0.0,0.0,0.0,0.0,0.0,0.0,0.0,0.0
21.0,30.0,0.0,0.0,0.0,0.0,0.0,0.0,0.0,0.0
21.0,32.0,0.0,0.0,0.0,0.0,0.0,0.0,0.0,0.0
21.0,34.0,0.0,0.0,0.0,0.0,0.0,0.0,0.0,0.0
21.0,36.0,0.0,0.0,0.0,0.0,0.0,0.0,0.0,0.0
21.0,38.0,0.0,0.0,0.0,0.0,0.0,0.0,0.0,0.0
21.0,40.0,0.0,0.0,0.0,0.0,0.0,0.0,0.0,0.0
22.0,0.0,5.6626015,0.023022296,0.01378316,0.009576109,0.0,0.0,9.672838E-5,0.0
22.0,2.0,20.13435,0.06695371,1.1217764E-4,0.05722416,0.0,0.0,5.780218E-4,0.0
22.0,4.0,0.0,0.0,0.0,0.0,0.0,0.0,0.0,0.0
22.0,6.0,0.0,0.0,0.0,0.0,0.0,0.0,0.0,0.0
22.0,8.0,0.0,0.0,0.0,0.0,0.0,0.0,0.0,0.0
22.0,10.0,0.0,0.0,0.0,0.0,0.0,0.0,0.0,0.0
22.0,12.0,0.0,0.0,0.0,0.0,0.0,0.0,0.0,0.0
22.0,14.0,0.0,0.0,0.0,0.0,0.0,0.0,0.0,0.0
22.0,16.0,0.0,0.0,0.0,0.0,0.0,0.0,0.0,0.0
22.0,18.0,0.0,0.0,0.0,0.0,0.0,0.0,0.0,0.0
22.0,20.0,0.0,0.0,0.0,0.0,0.0,0.0,0.0,0.0
22.0,22.0,0.0,0.0,0.0,0.0,0.0,0.0,0.0,0.0
22.0,24.0,0.0,0.0,0.0,0.0,0.0,0.0,0.0,0.0
22.0,26.0,0.0,0.0,0.0,0.0,0.0,0.0,0.0,0.0
22.0,28.0,0.0,0.0,0.0,0.0,0.0,0.0,0.0,0.0
22.0,30.0,0.0,0.0,0.0,0.0,0.0,0.0,0.0,0.0
22.0,32.0,0.0,0.0,0.0,0.0,0.0,0.0,0.0,0.0
22.0,34.0,0.0,0.0,0.0,0.0,0.0,0.0,0.0,0.0
22.0,36.0,0.0,0.0,0.0,0.0,0.0,0.0,0.0,0.0
22.0,38.0,0.0,0.0,0.0,0.0,0.0,0.0,0.0,0.0
22.0,40.0,0.0,0.0,0.0,0.0,0.0,0.0,0.0,0.0
23.0,0.0,3.2043607,0.06801288,0.0032319652,2.4271187E-5,0.0,0.0,2.451635E-7,0.0
23.0,2.0,14.378168,0.0017222478,2.895703E-5,0.06412168,0.0,0.0,6.476937E-4,0.0
23.0,4.0,0.0,0.0,0.0,0.0,0.0,0.0,0.0,0.0
23.0,6.0,0.0,0.0,0.0,0.0,0.0,0.0,0.0,0.0
23.0,8.0,0.0,0.0,0.0,0.0,0.0,0.0,0.0,0.0
23.0,10.0,0.0,0.0,0.0,0.0,0.0,0.0,0.0,0.0
23.0,12.0,0.0,0.0,0.0,0.0,0.0,0.0,0.0,0.0
23.0,14.0,0.0,0.0,0.0,0.0,0.0,0.0,0.0,0.0
23.0,16.0,0.0,0.0,0.0,0.0,0.0,0.0,0.0,0.0
23.0,18.0,0.0,0.0,0.0,0.0,0.0,0.0,0.0,0.0
23.0,20.0,0.0,0.0,0.0,0.0,0.0,0.0,0.0,0.0
23.0,22.0,0.0,0.0,0.0,0.0,0.0,0.0,0.0,0.0
23.0,24.0,0.0,0.0,0.0,0.0,0.0,0.0,0.0,0.0
23.0,26.0,0.0,0.0,0.0,0.0,0.0,0.0,0.0,0.0
23.0,28.0,0.0,0.0,0.0,0.0,0.0,0.0,0.0,0.0
23.0,30.0,0.0,0.0,0.0,0.0,0.0,0.0,0.0,0.0
23.0,32.0,0.0,0.0,0.0,0.0,0.0,0.0,0.0,0.0
23.0,34.0,0.0,0.0,0.0,0.0,0.0,0.0,0.0,0.0
23.0,36.0,0.0,0.0,0.0,0.0,0.0,0.0,0.0,0.0
23.0,38.0,0.0,0.0,0.0,0.0,0.0,0.0,0.0,0.0
23.0,40.0,0.0,0.0,0.0,0.0,0.0,0.0,0.0,0.0
24.0,0.0,3.892038,0.057640508,0.012534072,0.0035871703,0.0,0.0,3.6234043E-5,0.0
24.0,2.0,1.1305455,0.01615775,1.4003592E-5,0.0020065317,0.0,0.0,2.0267997E-5,0.0
24.0,4.0,0.0,0.0,0.0,0.0,0.0,0.0,0.0,0.0
24.0,6.0,0.0,0.0,0.0,0.0,0.0,0.0,0.0,0.0
24.0,8.0,0.0,0.0,0.0,0.0,0.0,0.0,0.0,0.0
24.0,10.0,0.0,0.0,0.0,0.0,0.0,0.0,0.0,0.0
24.0,12.0,0.0,0.0,0.0,0.0,0.0,0.0,0.0,0.0
24.0,14.0,0.0,0.0,0.0,0.0,0.0,0.0,0.0,0.0
24.0,16.0,0.0,0.0,0.0,0.0,0.0,0.0,0.0,0.0
24.0,18.0,0.0,0.0,0.0,0.0,0.0,0.0,0.0,0.0
24.0,20.0,0.0,0.0,0.0,0.0,0.0,0.0,0.0,0.0
24.0,22.0,0.0,0.0,0.0,0.0,0.0,0.0,0.0,0.0
24.0,24.0,0.0,0.0,0.0,0.0,0.0,0.0,0.0,0.0
24.0,26.0,0.0,0.0,0.0,0.0,0.0,0.0,0.0,0.0
24.0,28.0,0.0,0.0,0.0,0.0,0.0,0.0,0.0,0.0
24.0,30.0,0.0,0.0,0.0,0.0,0.0,0.0,0.0,0.0
24.0,32.0,0.0,0.0,0.0,0.0,0.0,0.0,0.0,0.0
24.0,34.0,0.0,0.0,0.0,0.0,0.0,0.0,0.0,0.0
24.0,36.0,0.0,0.0,0.0,0.0,0.0,0.0,0.0,0.0
24.0,38.0,0.0,0.0,0.0,0.0,0.0,0.0,0.0,0.0
24.0,40.0,0.0,0.0,0.0,0.0,0.0,0.0,0.0,0.0
25.0,0.0,6.8754888,0.022766447,0.013811032,4.5281157E-4,0.0,0.0,4.5738543E-6,0.0
25.0,2.0,3.9103012,0.028774736,9.944323E-5,0.12521441,0.0,0.0,0.001264792,0.0
25.0,4.0,0.0,0.0,0.0,0.0,0.0,0.0,0.0,0.0
25.0,6.0,0.0,0.0,0.0,0.0,0.0,0.0,0.0,0.0
25.0,8.0,0.0,0.0,0.0,0.0,0.0,0.0,0.0,0.0
25.0,10.0,0.0,0.0,0.0,0.0,0.0,0.0,0.0,0.0
25.0,12.0,0.0,0.0,0.0,0.0,0.0,0.0,0.0,0.0
25.0,14.0,0.0,0.0,0.0,0.0,0.0,0.0,0.0,0.0
25.0,16.0,0.0,0.0,0.0,0.0,0.0,0.0,0.0,0.0
25.0,18.0,0.0,0.0,0.0,0.0,0.0,0.0,0.0,0.0
25.0,20.0,0.0,0.0,0.0,0.0,0.0,0.0,0.0,0.0
25.0,22.0,0.0,0.0,0.0,0.0,0.0,0.0,0.0,0.0
25.0,24.0,0.0,0.0,0.0,0.0,0.0,0.0,0.0,0.0
25.0,26.0,0.0,0.0,0.0,0.0,0.0,0.0,0.0,0.0
25.0,28.0,0.0,0.0,0.0,0.0,0.0,0.0,0.0,0.0
25.0,30.0,0.0,0.0,0.0,0.0,0.0,0.0,0.0,0.0
25.0,32.0,0.0,0.0,0.0,0.0,0.0,0.0,0.0,0.0
25.0,34.0,0.0,0.0,0.0,0.0,0.0,0.0,0.0,0.0
25.0,36.0,0.0,0.0,0.0,0.0,0.0,0.0,0.0,0.0
25.0,38.0,0.0,0.0,0.0,0.0,0.0,0.0,0.0,0.0
25.0,40.0,0.0,0.0,0.0,0.0,0.0,0.0,0.0,0.0
26.0,0.0,6.532205,0.03145265,0.012815829,0.0209679,0.0,0.0,2.1179699E-4,0.0
26.0,2.0,13.791587,0.0,4.5844863E-5,0.0,0.0,0.0,0.0,0.0
26.0,4.0,0.0,0.0,0.0,0.0,0.0,0.0,0.0,0.0
26.0,6.0,0.0,0.0,0.0,0.0,0.0,0.0,0.0,0.0
26.0,8.0,0.0,0.0,0.0,0.0,0.0,0.0,0.0,0.0
26.0,10.0,0.0,0.0,0.0,0.0,0.0,0.0,0.0,0.0
26.0,12.0,0.0,0.0,0.0,0.0,0.0,0.0,0.0,0.0
26.0,14.0,0.0,0.0,0.0,0.0,0.0,0.0,0.0,0.0
26.0,16.0,0.0,0.0,0.0,0.0,0.0,0.0,0.0,0.0
26.0,18.0,0.0,0.0,0.0,0.0,0.0,0.0,0.0,0.0
26.0,20.0,0.0,0.0,0.0,0.0,0.0,0.0,0.0,0.0
26.0,22.0,0.0,0.0,0.0,0.0,0.0,0.0,0.0,0.0
26.0,24.0,0.0,0.0,0.0,0.0,0.0,0.0,0.0,0.0
26.0,26.0,0.0,0.0,0.0,0.0,0.0,0.0,0.0,0.0
26.0,28.0,0.0,0.0,0.0,0.0,0.0,0.0,0.0,0.0
26.0,30.0,0.0,0.0,0.0,0.0,0.0,0.0,0.0,0.0
26.0,32.0,0.0,0.0,0.0,0.0,0.0,0.0,0.0,0.0
26.0,34.0,0.0,0.0,0.0,0.0,0.0,0.0,0.0,0.0
26.0,36.0,0.0,0.0,0.0,0.0,0.0,0.0,0.0,0.0
26.0,38.0,0.0,0.0,0.0,0.0,0.0,0.0,0.0,0.0
26.0,40.0,0.0,0.0,0.0,0.0,0.0,0.0,0.0,0.0
27.0,0.0,4.3668547,0.028682532,0.013590714,6.645054E-4,0.0,0.0,6.712176E-6,0.0
27.0,2.0,15.969166,0.0019630273,3.9951516E-5,0.06384707,0.0,0.0,6.449199E-4,0.0
27.0,4.0,0.0,0.0,0.0,0.0,0.0,0.0,0.0,0.0
27.0,6.0,0.0,0.0,0.0,0.0,0.0,0.0,0.0,0.0
27.0,8.0,0.0,0.0,0.0,0.0,0.0,0.0,0.0,0.0
27.0,10.0,0.0,0.0,0.0,0.0,0.0,0.0,0.0,0.0
27.0,12.0,0.0,0.0,0.0,0.0,0.0,0.0,0.0,0.0
27.0,14.0,0.0,0.0,0.0,0.0,0.0,0.0,0.0,0.0
27.0,16.0,0.0,0.0,0.0,0.0,0.0,0.0,0.0,0.0
27.0,18.0,0.0,0.0,0.0,0.0,0.0,0.0,0.0,0.0
27.0,20.0,0.0,0.0,0.0,0.0,0.0,0.0,0.0,0.0
27.0,22.0,0.0,0.0,0.0,0.0,0.0,0.0,0.0,0.0
27.0,24.0,0.0,0.0,0.0,0.0,0.0,0.0,0.0,0.0
27.0,26.0,0.0,0.0,0.0,0.0,0.0,0.0,0.0,0.0
27.0,28.0,0.0,0.0,0.0,0.0,0.0,0.0,0.0,0.0
27.0,30.0,0.0,0.0,0.0,0.0,0.0,0.0,0.0,0.0
27.0,32.0,0.0,0.0,0.0,0.0,0.0,0.0,0.0,0.0
27.0,34.0,0.0,0.0,0.0,0.0,0.0,0.0,0.0,0.0
27.0,36.0,0.0,0.0,0.0,0.0,0.0,0.0,0.0,0.0
27.0,38.0,0.0,0.0,0.0,0.0,0.0,0.0,0.0,0.0
27.0,40.0,0.0,0.0,0.0,0.0,0.0,0.0,0.0,0.0
28.0,0.0,5.1640267,0.051381465,0.013117122,8.1430865E-4,0.0,0.0,8.225339E-6,0.0
28.0,2.0,0.15696843,0.08041459,5.8394267E-5,0.035047777,0.0,0.0,3.5401795E-4,0.0
28.0,4.0,0.0,0.0,0.0,0.0,0.0,0.0,0.0,0.0
28.0,6.0,0.0,0.0,0.0,0.0,0.0,0.0,0.0,0.0
28.0,8.0,0.0,0.0,0.0,0.0,0.0,0.0,0.0,0.0
28.0,10.0,0.0,0.0,0.0,0.0,0.0,0.0,0.0,0.0
28.0,12.0,0.0,0.0,0.0,0.0,0.0,0.0,0.0,0.0
28.0,14.0,0.0,0.0,0.0,0.0,0.0,0.0,0.0,0.0
28.0,16.0,0.0,0.0,0.0,0.0,0.0,0.0,0.0,0.0
28.0,18.0,0.0,0.0,0.0,0.0,0.0,0.0,0.0,0.0
28.0,20.0,0.0,0.0,0.0,0.0,0.0,0.0,0.0,0.0
28.0,22.0,0.0,0.0,0.0,0.0,0.0,0.0,0.0,0.0
28.0,24.0,0.0,0.0,0.0,0.0,0.0,0.0,0.0,0.0
28.0,26.0,0.0,0.0,0.0,0.0,0.0,0.0,0.0,0.0
28.0,28.0,0.0,0.0,0.0,0.0,0.0,0.0,0.0,0.0
28.0,30.0,0.0,0.0,0.0,0.0,0.0,0.0,0.0,0.0
28.0,32.0,0.0,0.0,0.0,0.0,0.0,0.0,0.0,0.0
28.0,34.0,0.0,0.0,0.0,0.0,0.0,0.0,0.0,0.0
28.0,36.0,0.0,0.0,0.0,0.0,0.0,0.0,0.0,0.0
28.0,38.0,0.0,0.0,0.0,0.0,0.0,0.0,0.0,0.0
28.0,40.0,0.0,0.0,0.0,0.0,0.0,0.0,0.0,0.0
29.0,0.0,4.543676,0.04596392,0.012993621,0.0026265418,0.0,0.0,2.6530724E-5,0.0
29.0,2.0,1.5706359,0.013308208,9.997891E-5,0.20149638,0.0,0.0,0.002035317,0.0
29.0,4.0,0.0,0.0,0.0,0.0,0.0,0.0,0.0,0.0
29.0,6.0,0.0,0.0,0.0,0.0,0.0,0.0,0.0,0.0
29.0,8.0,0.0,0.0,0.0,0.0,0.0,0.0,0.0,0.0
29.0,10.0,0.0,0.0,0.0,0.0,0.0,0.0,0.0,0.0
29.0,12.0,0.0,0.0,0.0,0.0,0.0,0.0,0.0,0.0
29.0,14.0,0.0,0.0,0.0,0.0,0.0,0.0,0.0,0.0
29.0,16.0,0.0,0.0,0.0,0.0,0.0,0.0,0.0,0.0
29.0,18.0,0.0,0.0,0.0,0.0,0.0,0.0,0.0,0.0
29.0,20.0,0.0,0.0,0.0,0.0,0.0,0.0,0.0,0.0
29.0,22.0,0.0,0.0,0.0,0.0,0.0,0.0,0.0,0.0
29.0,24.0,0.0,0.0,0.0,0.0,0.0,0.0,0.0,0.0
29.0,26.0,0.0,0.0,0.0,0.0,0.0,0.0,0.0,0.0
29.0,28.0,0.0,0.0,0.0,0.0,0.0,0.0,0.0,0.0
29.0,30.0,0.0,0.0,0.0,0.0,0.0,0.0,0.0,0.0
29.0,32.0,0.0,0.0,0.0,0.0,0.0,0.0,0.0,0.0
29.0,34.0,0.0,0.0,0.0,0.0,0.0,0.0,0.0,0.0
29.0,36.0,0.0,0.0,0.0,0.0,0.0,0.0,0.0,0.0
29.0,38.0,0.0,0.0,0.0,0.0,0.0,0.0,0.0,0.0
29.0,40.0,0.0,0.0,0.0,0.0,0.0,0.0,0.0,0.0
30.0,0.0,5.817227,0.02879068,0.012963933,7.3615694E-4,0.0,0.0,7.435929E-6,0.0
30.0,2.0,25.788546,0.0,5.633535E-5,0.14117736,0.0,0.0,0.0014260338,0.0
30.0,4.0,0.0,0.0,0.0,0.0,0.0,0.0,0.0,0.0
30.0,6.0,0.0,0.0,0.0,0.0,0.0,0.0,0.0,0.0
30.0,8.0,0.0,0.0,0.0,0.0,0.0,0.0,0.0,0.0
30.0,10.0,0.0,0.0,0.0,0.0,0.0,0.0,0.0,0.0
30.0,12.0,0.0,0.0,0.0,0.0,0.0,0.0,0.0,0.0
30.0,14.0,0.0,0.0,0.0,0.0,0.0,0.0,0.0,0.0
30.0,16.0,0.0,0.0,0.0,0.0,0.0,0.0,0.0,0.0
30.0,18.0,0.0,0.0,0.0,0.0,0.0,0.0,0.0,0.0
30.0,20.0,0.0,0.0,0.0,0.0,0.0,0.0,0.0,0.0
30.0,22.0,0.0,0.0,0.0,0.0,0.0,0.0,0.0,0.0
30.0,24.0,0.0,0.0,0.0,0.0,0.0,0.0,0.0,0.0
30.0,26.0,0.0,0.0,0.0,0.0,0.0,0.0,0.0,0.0
30.0,28.0,0.0,0.0,0.0,0.0,0.0,0.0,0.0,0.0
30.0,30.0,0.0,0.0,0.0,0.0,0.0,0.0,0.0,0.0
30.0,32.0,0.0,0.0,0.0,0.0,0.0,0.0,0.0,0.0
30.0,34.0,0.0,0.0,0.0,0.0,0.0,0.0,0.0,0.0
30.0,36.0,0.0,0.0,0.0,0.0,0.0,0.0,0.0,0.0
30.0,38.0,0.0,0.0,0.0,0.0,0.0,0.0,0.0,0.0
30.0,40.0,0.0,0.0,0.0,0.0,0.0,0.0,0.0,0.0
31.0,0.0,4.369072,0.06930505,0.009450961,1.7572075E-4,0.0,0.0,1.7749571E-6,0.0
31.0,2.0,0.0,0.0,0.0,0.0,0.0,0.0,0.0,0.0
31.0,4.0,0.0,0.0,0.0,0.0,0.0,0.0,0.0,0.0
31.0,6.0,0.0,0.0,0.0,0.0,0.0,0.0,0.0,0.0
31.0,8.0,0.0,0.0,0.0,0.0,0.0,0.0,0.0,0.0
31.0,10.0,0.0,0.0,0.0,0.0,0.0,0.0,0.0,0.0
31.0,12.0,0.0,0.0,0.0,0.0,0.0,0.0,0.0,0.0
31.0,14.0,0.0,0.0,0.0,0.0,0.0,0.0,0.0,0.0
31.0,16.0,0.0,0.0,0.0,0.0,0.0,0.0,0.0,0.0
31.0,18.0,0.0,0.0,0.0,0.0,0.0,0.0,0.0,0.0
31.0,20.0,0.0,0.0,0.0,0.0,0.0,0.0,0.0,0.0
31.0,22.0,0.0,0.0,0.0,0.0,0.0,0.0,0.0,0.0
31.0,24.0,0.0,0.0,0.0,0.0,0.0,0.0,0.0,0.0
31.0,26.0,0.0,0.0,0.0,0.0,0.0,0.0,0.0,0.0
31.0,28.0,0.0,0.0,0.0,0.0,0.0,0.0,0.0,0.0
31.0,30.0,0.0,0.0,0.0,0.0,0.0,0.0,0.0,0.0
31.0,32.0,0.0,0.0,0.0,0.0,0.0,0.0,0.0,0.0
31.0,34.0,0.0,0.0,0.0,0.0,0.0,0.0,0.0,0.0
31.0,36.0,0.0,0.0,0.0,0.0,0.0,0.0,0.0,0.0
31.0,38.0,0.0,0.0,0.0,0.0,0.0,0.0,0.0,0.0
31.0,40.0,0.0,0.0,0.0,0.0,0.0,0.0,0.0,0.0
32.0,0.0,6.506229,0.024648456,0.0135587165,0.019907419,0.0,0.0,2.0108503E-4,0.0
32.0,2.0,0.020273725,0.0078439545,1.2500089E-5,0.0,0.0,0.0,0.0,0.0
32.0,4.0,0.0,0.0,0.0,0.0,0.0,0.0,0.0,0.0
32.0,6.0,0.0,0.0,0.0,0.0,0.0,0.0,0.0,0.0
32.0,8.0,0.0,0.0,0.0,0.0,0.0,0.0,0.0,0.0
32.0,10.0,0.0,0.0,0.0,0.0,0.0,0.0,0.0,0.0
32.0,12.0,0.0,0.0,0.0,0.0,0.0,0.0,0.0,0.0
32.0,14.0,0.0,0.0,0.0,0.0,0.0,0.0,0.0,0.0
32.0,16.0,0.0,0.0,0.0,0.0,0.0,0.0,0.0,0.0
32.0,18.0,0.0,0.0,0.0,0.0,0.0,0.0,0.0,0.0
32.0,20.0,0.0,0.0,0.0,0.0,0.0,0.0,0.0,0.0
32.0,22.0,0.0,0.0,0.0,0.0,0.0,0.0,0.0,0.0
32.0,24.0,0.0,0.0,0.0,0.0,0.0,0.0,0.0,0.0
32.0,26.0,0.0,0.0,0.0,0.0,0.0,0.0,0.0,0.0
32.0,28.0,0.0,0.0,0.0,0.0,0.0,0.0,0.0,0.0
32.0,30.0,0.0,0.0,0.0,0.0,0.0,0.0,0.0,0.0
32.0,32.0,0.0,0.0,0.0,0.0,0.0,0.0,0.0,0.0
32.0,34.0,0.0,0.0,0.0,0.0,0.0,0.0,0.0,0.0
32.0,36.0,0.0,0.0,0.0,0.0,0.0,0.0,0.0,0.0
32.0,38.0,0.0,0.0,0.0,0.0,0.0,0.0,0.0,0.0
32.0,40.0,0.0,0.0,0.0,0.0,0.0,0.0,0.0,0.0
33.0,0.0,4.2714787,0.047550842,0.010391199,3.186136E-4,0.0,0.0,3.2183193E-6,0.0
33.0,2.0,31.261642,0.017318219,7.564919E-5,0.060841005,0.0,0.0,6.145556E-4,0.0
33.0,4.0,0.0,0.0,0.0,0.0,0.0,0.0,0.0,0.0
33.0,6.0,0.0,0.0,0.0,0.0,0.0,0.0,0.0,0.0
33.0,8.0,0.0,0.0,0.0,0.0,0.0,0.0,0.0,0.0
33.0,10.0,0.0,0.0,0.0,0.0,0.0,0.0,0.0,0.0
33.0,12.0,0.0,0.0,0.0,0.0,0.0,0.0,0.0,0.0
33.0,14.0,0.0,0.0,0.0,0.0,0.0,0.0,0.0,0.0
33.0,16.0,0.0,0.0,0.0,0.0,0.0,0.0,0.0,0.0
33.0,18.0,0.0,0.0,0.0,0.0,0.0,0.0,0.0,0.0
33.0,20.0,0.0,0.0,0.0,0.0,0.0,0.0,0.0,0.0
33.0,22.0,0.0,0.0,0.0,0.0,0.0,0.0,0.0,0.0
33.0,24.0,0.0,0.0,0.0,0.0,0.0,0.0,0.0,0.0
33.0,26.0,0.0,0.0,0.0,0.0,0.0,0.0,0.0,0.0
33.0,28.0,0.0,0.0,0.0,0.0,0.0,0.0,0.0,0.0
33.0,30.0,0.0,0.0,0.0,0.0,0.0,0.0,0.0,0.0
33.0,32.0,0.0,0.0,0.0,0.0,0.0,0.0,0.0,0.0
33.0,34.0,0.0,0.0,0.0,0.0,0.0,0.0,0.0,0.0
33.0,36.0,0.0,0.0,0.0,0.0,0.0,0.0,0.0,0.0
33.0,38.0,0.0,0.0,0.0,0.0,0.0,0.0,0.0,0.0
33.0,40.0,0.0,0.0,0.0,0.0,0.0,0.0,0.0,0.0
34.0,0.0,4.0263286,0.054505587,0.009155759,3.4557085E-4,0.0,0.0,3.4906147E-6,0.0
34.0,2.0,0.12056946,0.040614687,3.543625E-5,0.0,0.0,0.0,0.0,0.0
34.0,4.0,0.0,0.0,0.0,0.0,0.0,0.0,0.0,0.0
34.0,6.0,0.0,0.0,0.0,0.0,0.0,0.0,0.0,0.0
34.0,8.0,0.0,0.0,0.0,0.0,0.0,0.0,0.0,0.0
34.0,10.0,0.0,0.0,0.0,0.0,0.0,0.0,0.0,0.0
34.0,12.0,0.0,0.0,0.0,0.0,0.0,0.0,0.0,0.0
34.0,14.0,0.0,0.0,0.0,0.0,0.0,0.0,0.0,0.0
34.0,16.0,0.0,0.0,0.0,0.0,0.0,0.0,0.0,0.0
34.0,18.0,0.0,0.0,0.0,0.0,0.0,0.0,0.0,0.0
34.0,20.0,0.0,0.0,0.0,0.0,0.0,0.0,0.0,0.0
34.0,22.0,0.0,0.0,0.0,0.0,0.0,0.0,0.0,0.0
34.0,24.0,0.0,0.0,0.0,0.0,0.0,0.0,0.0,0.0
34.0,26.0,0.0,0.0,0.0,0.0,0.0,0.0,0.0,0.0
34.0,28.0,0.0,0.0,0.0,0.0,0.0,0.0,0.0,0.0
34.0,30.0,0.0,0.0,0.0,0.0,0.0,0.0,0.0,0.0
34.0,32.0,0.0,0.0,0.0,0.0,0.0,0.0,0.0,0.0
34.0,34.0,0.0,0.0,0.0,0.0,0.0,0.0,0.0,0.0
34.0,36.0,0.0,0.0,0.0,0.0,0.0,0.0,0.0,0.0
34.0,38.0,0.0,0.0,0.0,0.0,0.0,0.0,0.0,0.0
34.0,40.0,0.0,0.0,0.0,0.0,0.0,0.0,0.0,0.0
35.0,0.0,3.9479897,0.04614311,0.011377954,0.0011787425,0.0,0.0,1.1906491E-5,0.0
35.0,2.0,5.573865,0.07739194,2.0137768E-4,0.039763395,0.0,0.0,4.0165044E-4,0.0
35.0,4.0,0.0,0.0,0.0,0.0,0.0,0.0,0.0,0.0
35.0,6.0,0.0,0.0,0.0,0.0,0.0,0.0,0.0,0.0
35.0,8.0,0.0,0.0,0.0,0.0,0.0,0.0,0.0,0.0
35.0,10.0,0.0,0.0,0.0,0.0,0.0,0.0,0.0,0.0
35.0,12.0,0.0,0.0,0.0,0.0,0.0,0.0,0.0,0.0
35.0,14.0,0.0,0.0,0.0,0.0,0.0,0.0,0.0,0.0
35.0,16.0,0.0,0.0,0.0,0.0,0.0,0.0,0.0,0.0
35.0,18.0,0.0,0.0,0.0,0.0,0.0,0.0,0.0,0.0
35.0,20.0,0.0,0.0,0.0,0.0,0.0,0.0,0.0,0.0
35.0,22.0,0.0,0.0,0.0,0.0,0.0,0.0,0.0,0.0
35.0,24.0,0.0,0.0,0.0,0.0,0.0,0.0,0.0,0.0
35.0,26.0,0.0,0.0,0.0,0.0,0.0,0.0,0.0,0.0
35.0,28.0,0.0,0.0,0.0,0.0,0.0,0.0,0.0,0.0
35.0,30.0,0.0,0.0,0.0,0.0,0.0,0.0,0.0,0.0
35.0,32.0,0.0,0.0,0.0,0.0,0.0,0.0,0.0,0.0
35.0,34.0,0.0,0.0,0.0,0.0,0.0,0.0,0.0,0.0
35.0,36.0,0.0,0.0,0.0,0.0,0.0,0.0,0.0,0.0
35.0,38.0,0.0,0.0,0.0,0.0,0.0,0.0,0.0,0.0
35.0,40.0,0.0,0.0,0.0,0.0,0.0,0.0,0.0,0.0
36.0,0.0,4.272408,0.04368068,0.012055858,2.481167E-4,0.0,0.0,2.5062293E-6,0.0
36.0,2.0,4.0774546,0.029296244,9.4336996E-5,0.13481413,0.0,0.0,0.0013617589,0.0
36.0,4.0,0.36538002,0.0,8.353709E-6,0.021790925,0.0,0.0,2.2011035E-4,0.0
36.0,6.0,0.0,0.0,0.0,0.0,0.0,0.0,0.0,0.0
36.0,8.0,0.0,0.0,0.0,0.0,0.0,0.0,0.0,0.0
36.0,10.0,0.0,0.0,0.0,0.0,0.0,0.0,0.0,0.0
36.0,12.0,0.0,0.0,0.0,0.0,0.0,0.0,0.0,0.0
36.0,14.0,0.0,0.0,0.0,0.0,0.0,0.0,0.0,0.0
36.0,16.0,0.0,0.0,0.0,0.0,0.0,0.0,0.0,0.0
36.0,18.0,0.0,0.0,0.0,0.0,0.0,0.0,0.0,0.0
36.0,20.0,0.0,0.0,0.0,0.0,0.0,0.0,0.0,0.0
36.0,22.0,0.0,0.0,0.0,0.0,0.0,0.0,0.0,0.0
36.0,24.0,0.0,0.0,0.0,0.0,0.0,0.0,0.0,0.0
36.0,26.0,0.0,0.0,0.0,0.0,0.0,0.0,0.0,0.0
36.0,28.0,0.0,0.0,0.0,0.0,0.0,0.0,0.0,0.0
36.0,30.0,0.0,0.0,0.0,0.0,0.0,0.0,0.0,0.0
36.0,32.0,0.0,0.0,0.0,0.0,0.0,0.0,0.0,0.0
36.0,34.0,0.0,0.0,0.0,0.0,0.0,0.0,0.0,0.0
36.0,36.0,0.0,0.0,0.0,0.0,0.0,0.0,0.0,0.0
36.0,38.0,0.0,0.0,0.0,0.0,0.0,0.0,0.0,0.0
36.0,40.0,0.0,0.0,0.0,0.0,0.0,0.0,0.0,0.0
37.0,0.0,4.3214216,0.04518292,0.009680434,2.9127093E-4,0.0,0.0,2.9421305E-6,0.0
37.0,2.0,17.749462,0.004711755,7.332859E-5,0.1304349,0.0,0.0,0.0013175242,0.0
37.0,4.0,12.350102,0.0,3.0482966E-5,0.07934303,0.0,0.0,8.0144475E-4,0.0
37.0,6.0,0.0,0.0,0.0,0.0,0.0,0.0,0.0,0.0
37.0,8.0,0.0,0.0,0.0,0.0,0.0,0.0,0.0,0.0
37.0,10.0,0.0,0.0,0.0,0.0,0.0,0.0,0.0,0.0
37.0,12.0,0.0,0.0,0.0,0.0,0.0,0.0,0.0,0.0
37.0,14.0,0.0,0.0,0.0,0.0,0.0,0.0,0.0,0.0
37.0,16.0,0.0,0.0,0.0,0.0,0.0,0.0,0.0,0.0
37.0,18.0,0.0,0.0,0.0,0.0,0.0,0.0,0.0,0.0
37.0,20.0,0.0,0.0,0.0,0.0,0.0,0.0,0.0,0.0
37.0,22.0,0.0,0.0,0.0,0.0,0.0,0.0,0.0,0.0
37.0,24.0,0.0,0.0,0.0,0.0,0.0,0.0,0.0,0.0
37.0,26.0,0.0,0.0,0.0,0.0,0.0,0.0,0.0,0.0
37.0,28.0,0.0,0.0,0.0,0.0,0.0,0.0,0.0,0.0
37.0,30.0,0.0,0.0,0.0,0.0,0.0,0.0,0.0,0.0
37.0,32.0,0.0,0.0,0.0,0.0,0.0,0.0,0.0,0.0
37.0,34.0,0.0,0.0,0.0,0.0,0.0,0.0,0.0,0.0
37.0,36.0,0.0,0.0,0.0,0.0,0.0,0.0,0.0,0.0
37.0,38.0,0.0,0.0,0.0,0.0,0.0,0.0,0.0,0.0
37.0,40.0,0.0,0.0,0.0,0.0,0.0,0.0,0.0,0.0
38.0,0.0,4.0324917,0.04943984,0.0096779745,6.656393E-5,0.0,0.0,6.7236294E-7,0.0
38.0,2.0,0.24782287,0.011059059,1.7068869E-5,0.0,0.0,0.0,0.0,0.0
38.0,4.0,0.0,0.0,0.0,0.0,0.0,0.0,0.0,0.0
38.0,6.0,0.0,0.0,0.0,0.0,0.0,0.0,0.0,0.0
38.0,8.0,0.0,0.0,0.0,0.0,0.0,0.0,0.0,0.0
38.0,10.0,0.0,0.0,0.0,0.0,0.0,0.0,0.0,0.0
38.0,12.0,0.0,0.0,0.0,0.0,0.0,0.0,0.0,0.0
38.0,14.0,0.0,0.0,0.0,0.0,0.0,0.0,0.0,0.0
38.0,16.0,0.0,0.0,0.0,0.0,0.0,0.0,0.0,0.0
38.0,18.0,0.0,0.0,0.0,0.0,0.0,0.0,0.0,0.0
38.0,20.0,0.0,0.0,0.0,0.0,0.0,0.0,0.0,0.0
38.0,22.0,0.0,0.0,0.0,0.0,0.0,0.0,0.0,0.0
38.0,24.0,0.0,0.0,0.0,0.0,0.0,0.0,0.0,0.0
38.0,26.0,0.0,0.0,0.0,0.0,0.0,0.0,0.0,0.0
38.0,28.0,0.0,0.0,0.0,0.0,0.0,0.0,0.0,0.0
38.0,30.0,0.0,0.0,0.0,0.0,0.0,0.0,0.0,0.0
38.0,32.0,0.0,0.0,0.0,0.0,0.0,0.0,0.0,0.0
38.0,34.0,0.0,0.0,0.0,0.0,0.0,0.0,0.0,0.0
38.0,36.0,0.0,0.0,0.0,0.0,0.0,0.0,0.0,0.0
38.0,38.0,0.0,0.0,0.0,0.0,0.0,0.0,0.0,0.0
38.0,40.0,0.0,0.0,0.0,0.0,0.0,0.0,0.0,0.0
39.0,0.0,5.3245144,0.048070114,0.013111599,0.0022279883,0.0,0.0,2.2504933E-5,0.0
39.0,2.0,12.288651,0.041446593,1.0545032E-4,1.9315156E-4,0.0,0.0,1.9510258E-6,0.0
39.0,4.0,0.0,0.0,0.0,0.0,0.0,0.0,0.0,0.0
39.0,6.0,0.0,0.0,0.0,0.0,0.0,0.0,0.0,0.0
39.0,8.0,0.0,0.0,0.0,0.0,0.0,0.0,0.0,0.0
39.0,10.0,0.0,0.0,0.0,0.0,0.0,0.0,0.0,0.0
39.0,12.0,0.0,0.0,0.0,0.0,0.0,0.0,0.0,0.0
39.0,14.0,0.0,0.0,0.0,0.0,0.0,0.0,0.0,0.0
39.0,16.0,0.0,0.0,0.0,0.0,0.0,0.0,0.0,0.0
39.0,18.0,0.0,0.0,0.0,0.0,0.0,0.0,0.0,0.0
39.0,20.0,0.0,0.0,0.0,0.0,0.0,0.0,0.0,0.0
39.0,22.0,0.0,0.0,0.0,0.0,0.0,0.0,0.0,0.0
39.0,24.0,0.0,0.0,0.0,0.0,0.0,0.0,0.0,0.0
39.0,26.0,0.0,0.0,0.0,0.0,0.0,0.0,0.0,0.0
39.0,28.0,0.0,0.0,0.0,0.0,0.0,0.0,0.0,0.0
39.0,30.0,0.0,0.0,0.0,0.0,0.0,0.0,0.0,0.0
39.0,32.0,0.0,0.0,0.0,0.0,0.0,0.0,0.0,0.0
39.0,34.0,0.0,0.0,0.0,0.0,0.0,0.0,0.0,0.0
39.0,36.0,0.0,0.0,0.0,0.0,0.0,0.0,0.0,0.0
39.0,38.0,0.0,0.0,0.0,0.0,0.0,0.0,0.0,0.0
39.0,40.0,0.0,0.0,0.0,0.0,0.0,0.0,0.0,0.0
40.0,0.0,4.791448,0.054950334,0.012411385,1.6816304E-5,0.0,0.0,1.6986165E-7,0.0
40.0,2.0,1.3519295,0.05288282,1.0425053E-4,0.09191599,0.0,0.0,9.284443E-4,0.0
40.0,4.0,0.0,0.0,0.0,0.0,0.0,0.0,0.0,0.0
40.0,6.0,0.0,0.0,0.0,0.0,0.0,0.0,0.0,0.0
40.0,8.0,0.0,0.0,0.0,0.0,0.0,0.0,0.0,0.0
40.0,10.0,0.0,0.0,0.0,0.0,0.0,0.0,0.0,0.0
40.0,12.0,0.0,0.0,0.0,0.0,0.0,0.0,0.0,0.0
40.0,14.0,0.0,0.0,0.0,0.0,0.0,0.0,0.0,0.0
40.0,16.0,0.0,0.0,0.0,0.0,0.0,0.0,0.0,0.0
40.0,18.0,0.0,0.0,0.0,0.0,0.0,0.0,0.0,0.0
40.0,20.0,0.0,0.0,0.0,0.0,0.0,0.0,0.0,0.0
40.0,22.0,0.0,0.0,0.0,0.0,0.0,0.0,0.0,0.0
40.0,24.0,0.0,0.0,0.0,0.0,0.0,0.0,0.0,0.0
40.0,26.0,0.0,0.0,0.0,0.0,0.0,0.0,0.0,0.0
40.0,28.0,0.0,0.0,0.0,0.0,0.0,0.0,0.0,0.0
40.0,30.0,0.0,0.0,0.0,0.0,0.0,0.0,0.0,0.0
40.0,32.0,0.0,0.0,0.0,0.0,0.0,0.0,0.0,0.0
40.0,34.0,0.0,0.0,0.0,0.0,0.0,0.0,0.0,0.0
40.0,36.0,0.0,0.0,0.0,0.0,0.0,0.0,0.0,0.0
40.0,38.0,0.0,0.0,0.0,0.0,0.0,0.0,0.0,0.0
40.0,40.0,0.0,0.0,0.0,0.0,0.0,0.0,0.0,0.0
41.0,0.0,3.895437,0.03703832,0.011471457,6.7822635E-4,0.0,0.0,6.850771E-6,0.0
41.0,2.0,17.21064,0.022006623,3.104729E-5,0.03186766,0.0,0.0,3.2189558E-4,0.0
41.0,4.0,0.0,0.0,0.0,0.0,0.0,0.0,0.0,0.0
41.0,6.0,0.0,0.0,0.0,0.0,0.0,0.0,0.0,0.0
41.0,8.0,0.0,0.0,0.0,0.0,0.0,0.0,0.0,0.0
41.0,10.0,0.0,0.0,0.0,0.0,0.0,0.0,0.0,0.0
41.0,12.0,0.0,0.0,0.0,0.0,0.0,0.0,0.0,0.0
41.0,14.0,0.0,0.0,0.0,0.0,0.0,0.0,0.0,0.0
41.0,16.0,0.0,0.0,0.0,0.0,0.0,0.0,0.0,0.0
41.0,18.0,0.0,0.0,0.0,0.0,0.0,0.0,0.0,0.0
41.0,20.0,0.0,0.0,0.0,0.0,0.0,0.0,0.0,0.0
41.0,22.0,0.0,0.0,0.0,0.0,0.0,0.0,0.0,0.0
41.0,24.0,0.0,0.0,0.0,0.0,0.0,0.0,0.0,0.0
41.0,26.0,0.0,0.0,0.0,0.0,0.0,0.0,0.0,0.0
41.0,28.0,0.0,0.0,0.0,0.0,0.0,0.0,0.0,0.0
41.0,30.0,0.0,0.0,0.0,0.0,0.0,0.0,0.0,0.0
41.0,32.0,0.0,0.0,0.0,0.0,0.0,0.0,0.0,0.0
41.0,34.0,0.0,0.0,0.0,0.0,0.0,0.0,0.0,0.0
41.0,36.0,0.0,0.0,0.0,0.0,0.0,0.0,0.0,0.0
41.0,38.0,0.0,0.0,0.0,0.0,0.0,0.0,0.0,0.0
41.0,40.0,0.0,0.0,0.0,0.0,0.0,0.0,0.0,0.0
42.0,0.0,4.7208824,0.045708086,0.012625256,4.752394E-4,0.0,0.0,4.800398E-6,0.0
42.0,2.0,16.409216,0.029367013,7.9488884E-5,0.05528565,0.0,0.0,5.584409E-4,0.0
42.0,4.0,0.0,0.0,0.0,0.0,0.0,0.0,0.0,0.0
42.0,6.0,0.0,0.0,0.0,0.0,0.0,0.0,0.0,0.0
42.0,8.0,0.0,0.0,0.0,0.0,0.0,0.0,0.0,0.0
42.0,10.0,0.0,0.0,0.0,0.0,0.0,0.0,0.0,0.0
42.0,12.0,0.0,0.0,0.0,0.0,0.0,0.0,0.0,0.0
42.0,14.0,0.0,0.0,0.0,0.0,0.0,0.0,0.0,0.0
42.0,16.0,0.0,0.0,0.0,0.0,0.0,0.0,0.0,0.0
42.0,18.0,0.0,0.0,0.0,0.0,0.0,0.0,0.0,0.0
42.0,20.0,0.0,0.0,0.0,0.0,0.0,0.0,0.0,0.0
42.0,22.0,0.0,0.0,0.0,0.0,0.0,0.0,0.0,0.0
42.0,24.0,0.0,0.0,0.0,0.0,0.0,0.0,0.0,0.0
42.0,26.0,0.0,0.0,0.0,0.0,0.0,0.0,0.0,0.0
42.0,28.0,0.0,0.0,0.0,0.0,0.0,0.0,0.0,0.0
42.0,30.0,0.0,0.0,0.0,0.0,0.0,0.0,0.0,0.0
42.0,32.0,0.0,0.0,0.0,0.0,0.0,0.0,0.0,0.0
42.0,34.0,0.0,0.0,0.0,0.0,0.0,0.0,0.0,0.0
42.0,36.0,0.0,0.0,0.0,0.0,0.0,0.0,0.0,0.0
42.0,38.0